0.0623393
0.0593297
0.0595531
0.0606503
0.0627626
0.0629859
0.0618221
0.0611206
0.060764
0.0599646
0.0612225
0.0617829
0.0629898
0.0645025
0.0650433
0.0658074
0.0662267
0.0666695
0.0675787
0.0659367
0.0663208
0.0673397
0.0681195
0.0686916
0.070941
0.0729748
0.0734215
0.074554
0.0758825
0.0762665
0.0765722
0.0771169
0.0774735
0.0776067
0.0780809
0.0785825
0.0788294
0.0788686
0.0793192
0.0790645
0.0787471
0.0783827
0.0783356
0.0783474
0.0779712
0.0779437
0.0778105
0.0782964
0.0775049
0.0776577
0.0781985
0.079762
0.0814471
0.0823289
0.0845351
0.08642
0.0873095
0.0878856
0.0893826
0.0894884
0.0889359
0.0880972
0.0876465
0.0869138
0.085793
0.0851033
0.0842412
0.0834261
0.0835123
0.0811258
0.0813295
0.0820702
0.0825639
0.0832223
0.083285
0.0843588
0.0847114
0.0851464
0.0866512
0.0885557
0.0891082
0.0900017
0.0921061
0.0940145
0.0974826
0.101029
0.102616
0.106116
0.10795
0.108835
0.111543
0.112033
0.112033
0.113373
0.112386
0.113197
0.11331
0.113961
0.114368
0.113836
0.114125
0.11489
0.115262
0.114756
0.115093
0.114039
0.1163
0.117163
0.119247
0.121865
0.123844
0.125795
0.127771
0.128507
0.129961
0.131015
0.131388
0.131474
0.131693
0.13129
0.130882
0.130729
0.131145
0.131893
0.131701
0.132124
0.132363
0.133088
0.133617
0.133997
0.135059
0.135557
0.136086
0.137148
0.137516
0.138014
0.137693
0.13803
0.139186
0.139801
0.139809
0.139589
0.139633
0.140177
0.139899
0.140432
0.141271
0.141098
0.141431
0.14129
0.14151
0.140166
0.139946
0.139107
0.138598
0.138281
0.13723
0.136748
0.136396
0.13647
0.136247
0.135961
0.135099
0.133798
0.133602
0.133515
0.133296
0.132728
0.132493
0.129444
0.129687
0.129428
0.128978
0.128856
0.128978
0.128464
0.128825
0.127919
0.127418
0.127449
0.127676
0.127602
0.128006
0.128127
0.128162
0.127708
0.127641
0.127061
0.127461
0.127633
0.127739
0.127551
0.127222
0.127292
0.12656
0.126975
0.127614
0.127594
0.127394
0.1275
0.127735
0.128057
0.128515
0.128523
0.128923
0.128523
0.128507
0.128668
0.1283
0.128601
0.129479
0.129616
0.129095
0.128727
0.128742
0.128296
0.128013
0.128237
0.128288
0.126607
0.126728
0.12685
0.125662
0.125639
0.125831
0.126074
0.125995
0.125995
0.126074
0.125905
0.125886
0.126089
0.126732
0.127241
0.128061
0.127453
0.127285
0.126246
0.124886
0.124107
0.123577
0.123836
0.123922
0.124397
0.122218
0.122378
0.123092
0.123358
0.122884
0.122723
0.12279
0.122653
0.122798
0.122762
0.122696
0.123331
0.123295
0.123319
0.123319
0.123252
0.123707
0.123871
0.123922
0.123832
0.123891
0.123625
0.123683
0.123511
0.123499
0.123009
0.1229
0.122833
0.12279
0.122762
0.124581
0.125866
0.127559
0.129291
0.130032
0.131752
0.133535
0.134554
0.136592
0.13843
0.138622
0.138676
0.138774
0.138688
0.138449
0.137513
0.137595
0.136799
0.136063
0.135902
0.134448
0.133323
0.1329
0.131627
0.130028
0.129699
0.128378
0.127018
0.126485
0.126419
0.126532
0.126321
0.126082
0.126587
0.126481
0.126105
0.126799
0.126963
0.126399
0.126309
0.126348
0.126309
0.125666
0.125255
0.124459
0.121426
0.121512
0.121602
0.122002
0.121987
0.122308
0.122664
0.122735
0.123174
0.12355
0.123483
0.124154
0.123962
0.123801
0.124118
0.12393
0.123954
0.123852
0.123942
0.124255
0.12498
0.126156
0.126948
0.127696
0.128574
0.128456
0.129185
0.129855
0.130177
0.129648
0.129213
0.128617
0.127774
0.127387
0.127633
0.127626
0.127649
0.127606
0.127802
0.127751
0.127935
0.128307
0.128441
0.128441
0.128476
0.128539
0.128527
0.128531
0.128668
0.128754
0.127869
0.127751
0.127955
0.128029
0.128041
0.12797
0.128029
0.127845
0.128202
0.127849
0.127747
0.128182
0.128938
0.129526
0.130208
0.13049
0.130894
0.131101
0.131466
0.131748
0.131846
0.132199
0.13241
0.132849
0.132979
0.133519
0.133657
0.134417
0.134742
0.135369
0.135639
0.13638
0.136662
0.137885
0.139433
0.140236
0.142391
0.144939
0.146381
0.149825
0.152921
0.155049
0.157725
0.161284
0.162781
0.166319
0.169368
0.171265
0.17313
0.174686
0.172213
0.174752
0.177605
0.179196
0.182899
0.186516
0.188009
0.190521
0.192481
0.193272
0.195545
0.197555
0.198425
0.201282
0.203128
0.203735
0.204923
0.206404
0.206459
0.206533
0.206866
0.206471
0.207192
0.206851
0.206831
0.199393
0.20093
0.201564
0.202936
0.20468
0.205303
0.205699
0.206353
0.206823
0.208022
0.208888
0.209053
0.210162
0.211287
0.211185
0.211561
0.213042
0.213183
0.213595
0.214147
0.215061
0.215139
0.214802
0.214868
0.215394
0.215852
0.216099
0.216483
0.216789
0.2174
0.217529
0.217122
0.216632
0.216804
0.217051
0.217063
0.217953
0.218035
0.21771
0.218595
0.219242
0.219191
0.219434
0.219559
0.219418
0.219011
0.219575
0.219238
0.219504
0.219857
0.215762
0.215801
0.216934
0.217008
0.219069
0.22211
0.222851
0.226315
0.229466
0.231919
0.23387
0.236802
0.238836
0.241935
0.243761
0.244584
0.246501
0.247868
0.249306
0.252606
0.254949
0.256662
0.259573
0.261556
0.262752
0.269112
0.271741
0.273634
0.275111
0.276816
0.277807
0.279297
0.280523
0.281354
0.282087
0.282377
0.282569
0.282972
0.282631
0.283153
0.284156
0.284371
0.284124
0.284273
0.284289
0.284109
0.284712
0.285868
0.286072
0.286562
0.282925
0.283419
0.283094
0.282964
0.282526
0.281546
0.280484
0.279947
0.279289
0.278834
0.278325
0.278348
0.278599
0.278689
0.278383
0.278246
0.277694
0.277071
0.276342
0.275938
0.274578
0.274194
0.274296
0.274171
0.275934
0.274708
0.276256
0.277318
0.277827
0.279747
0.281867
0.283141
0.284665
0.286468
0.287761
0.289528
0.291464
0.292608
0.294529
0.296496
0.297499
0.298859
0.300187
0.30045
0.301782
0.303475
0.304545
0.305239
0.305854
0.306351
0.310145
0.311328
0.312469
0.314044
0.316262
0.318402
0.320318
0.322124
0.323425
0.325095
0.326764
0.3283
0.331753
0.335284
0.337647
0.340253
0.342745
0.343489
0.345594
0.347671
0.34916
0.351495
0.353729
0.355281
0.357256
0.36518
0.366054
0.367703
0.36904
0.37054
0.371959
0.373605
0.374463
0.375882
0.378108
0.379491
0.381705
0.382383
0.382677
0.383613
0.384072
0.383766
0.384166
0.38473
0.384938
0.384785
0.384135
0.383848
0.383625
0.384099
0.38444
0.385679
0.386321
0.386768
0.387579
0.388304
0.388908
0.390107
0.390804
0.391102
0.391435
0.391455
0.391592
0.391329
0.391412
0.391929
0.391988
0.392689
0.393159
0.39352
0.394033
0.394268
0.394684
0.394841
0.39504
0.392627
0.39325
0.393634
0.393618
0.394155
0.394543
0.394288
0.39441
0.394727
0.395142
0.395573
0.395722
0.395828
0.396153
0.396004
0.395479
0.395468
0.395185
0.395338
0.395279
0.395511
0.395558
0.395993
0.396036
0.396016
0.393975
0.394715
0.395405
0.395499
0.395409
0.395217
0.39562
0.395616
0.395942
0.395542
0.395346
0.395272
0.395299
0.395452
0.395946
0.39595
0.396271
0.396859
0.397094
0.397102
0.397117
0.397631
0.397678
0.397482
0.397356
0.396553
0.397008
0.397419
0.397309
0.397376
0.397764
0.398168
0.397968
0.397607
0.397329
0.397337
0.397239
0.3974
0.397517
0.396957
0.396968
0.396886
0.396941
0.396968
0.397458
0.397705
0.397137
0.397787
0.396863
0.396522
0.393994
0.394809
0.395636
0.395973
0.395805
0.395624
0.39508
0.395091
0.394837
0.394958
0.395377
0.39535
0.39537
0.395201
0.394637
0.395236
0.395287
0.395072
0.394809
0.394609
0.3941
0.393445
0.394088
0.393743
0.393328
0.391259
0.3916
0.391271
0.390914
0.390589
0.391153
0.391455
0.391568
0.391345
0.392207
0.391792
0.391862
0.393116
0.393379
0.393826
0.39392
0.394069
0.394574
0.394707
0.394343
0.395973
0.397325
0.398289
0.399798
0.400707
0.399347
0.401036
0.40309
0.403481
0.4051
0.405676
0.405468
0.40537
0.406777
0.407322
0.408548
0.409853
0.410692
0.41164
0.413474
0.414003
0.416256
0.418659
0.422287
0.425712
0.428264
0.429827
0.431802
0.43297
0.433562
0.438029
0.438131
0.438421
0.44022
0.44098
0.440894
0.441681
0.442347
0.442528
0.442524
0.443601
0.444346
0.444064
0.443551
0.443272
0.4431
0.442496
0.442606
0.442265
0.44234
0.44223
0.442931
0.443327
0.443284
0.44321
0.443151
0.442798
0.443206
0.443817
0.443476
0.443359
0.44377
0.443703
0.443852
0.443437
0.443782
0.443821
0.443409
0.44368
0.443386
0.443347
0.44359
0.443637
0.443096
0.443339
0.443699
0.443633
0.443601
0.443174
0.442826
0.440659
0.441066
0.441517
0.441877
0.442046
0.442583
0.442293
0.442253
0.442179
0.44205
0.444072
0.444687
0.444981
0.44466
0.444765
0.444942
0.445432
0.445565
0.445851
0.446376
0.446062
0.446106
0.446223
0.446533
0.447093
0.447626
0.447904
0.448273
0.448355
0.448653
0.44888
0.449049
0.448598
0.448308
0.448288
0.447489
0.447414
0.447924
0.448186
0.447712
0.447555
0.44732
0.447254
0.446666
0.445941
0.44542
0.444279
0.442622
0.441736
0.441023
0.441203
0.441336
0.441235
0.441438
0.44109
0.440882
0.440388
0.440557
0.441031
0.440984
0.440627
0.440941
0.441364
0.441658
0.441564
0.442034
0.442383
0.444221
0.445729
0.446693
0.447932
0.448261
0.448398
0.448292
0.44803
0.448159
0.447634
0.447787
0.447998
0.448327
0.448296
0.448359
0.448335
0.448566
0.448853
0.447943
0.446803
0.446999
0.447023
0.447199
0.447407
0.447348
0.447395
0.447434
0.447332
0.447391
0.447446
0.447587
0.447657
0.447834
0.448002
0.449284
0.449499
0.44977
0.450052
0.450502
0.450377
0.450643
0.450518
0.450381
0.446932
0.447109
0.447171
0.446932
0.446913
0.447062
0.446576
0.446407
0.446568
0.446133
0.446027
0.446223
0.446254
0.445996
0.445839
0.445847
0.44551
0.445827
0.445968
0.446192
0.447113
0.447548
0.44752
0.447689
0.447838
0.448625
0.44799
0.448171
0.448041
0.448535
0.448457
0.44357
0.443856
0.443809
0.4435
0.443974
0.44368
0.443488
0.443421
0.443566
0.443143
0.442853
0.442975
0.442833
0.443041
0.44261
0.442492
0.442093
0.442124
0.441873
0.441803
0.441999
0.441862
0.44136
0.441207
0.440988
0.440231
0.440251
0.440239
0.440396
0.440282
0.440035
0.440443
0.44087
0.441086
0.440702
0.440886
0.441246
0.44125
0.441164
0.441062
0.440847
0.440611
0.440357
0.440478
0.440451
0.440686
0.440404
0.440596
0.440537
0.440122
0.439487
0.439173
0.438295
0.438335
0.43837
0.438225
0.437884
0.437445
0.43732
0.437183
0.437018
0.437496
0.437347
0.437375
0.43748
0.437234
0.437484
0.437512
0.437684
0.437531
0.437743
0.43768
0.437606
0.437943
0.43797
0.435858
0.436238
0.436317
0.437049
0.437649
0.438303
0.438597
0.438613
0.438825
0.43875
0.438993
0.438875
0.438879
0.438919
0.439071
0.438644
0.438292
0.438586
0.438538
0.438186
0.438245
0.438366
0.438264
0.43835
0.438601
0.439201
0.439213
0.438734
0.438903
0.43913
0.438989
0.438691
0.43839
0.437931
0.437998
0.438158
0.437884
0.437806
0.437488
0.437359
0.437171
0.437002
0.437473
0.438292
0.438248
0.438656
0.438586
0.438981
0.438993
0.439389
0.438593
0.438593
0.438123
0.438923
0.439491
0.439471
0.439346
0.439452
0.439655
0.4398
0.440153
0.440318
0.440611
0.440847
0.440804
0.440909
0.440459
0.439792
0.439753
0.438542
0.438578
0.438754
0.438229
0.43873
0.43884
0.434965
0.434694
0.434882
0.434859
0.434396
0.434106
0.43382
0.433742
0.433374
0.434055
0.433903
0.434255
0.434647
0.434784
0.434392
0.434667
0.434635
0.434753
0.434412
0.435086
0.435278
0.435435
0.435568
0.43549
0.435568
0.434432
0.4348
0.435231
0.4352
0.435196
0.435693
0.436054
0.436501
0.437249
0.437833
0.437923
0.438911
0.439193
0.439675
0.439855
0.440416
0.440666
0.440901
0.44116
0.441035
0.440706
0.440627
0.440898
0.440267
0.439671
0.439295
0.439495
0.439126
0.438934
0.43868
0.438789
0.439205
0.439283
0.439083
0.439553
0.438954
0.43913
0.439593
0.4396
0.439189
0.43906
0.439718
0.439197
0.439867
0.440227
0.441121
0.44096
0.441258
0.442054
0.442634
0.442708
0.442289
0.442026
0.441509
0.442077
0.442504
0.442226
0.442191
0.443084
0.44404
0.445459
0.445334
0.446505
0.446603
0.446392
0.444785
0.443821
0.443515
0.443554
0.443821
0.44359
0.443155
0.443006
0.442559
0.441681
0.439659
0.439863
0.440208
0.440208
0.439859
0.440126
0.439651
0.439918
0.44018
0.440333
0.440251
0.440431
0.440235
0.440937
0.440572
0.441282
0.441387
0.441015
0.44049
0.440063
0.439518
0.438586
0.438503
0.438754
0.438758
0.439283
0.439142
0.439883
0.439616
0.439557
0.440184
0.440455
0.441293
0.441423
0.441619
0.441203
0.441713
0.441517
0.441446
0.442304
0.442371
0.442402
0.442183
0.441963
0.44192
0.441544
0.441184
0.441572
0.442238
0.442065
0.440584
0.440294
0.439624
0.438805
0.437849
0.437633
0.437512
0.437163
0.436767
0.43721
0.4371
0.437081
0.436873
0.436614
0.436203
0.436654
0.436618
0.436693
0.436328
0.436207
0.436348
0.436117
0.436168
0.436391
0.435874
0.436736
0.436744
0.436869
0.436873
0.436728
0.437484
0.437637
0.437966
0.438292
0.438703
0.438946
0.439393
0.439785
0.439777
0.440639
0.440686
0.440999
0.441458
0.441858
0.442246
0.442939
0.443719
0.444303
0.44426
0.444487
0.440553
0.441015
0.441043
0.441333
0.44134
0.441117
0.441156
0.441364
0.441791
0.441936
0.442308
0.442152
0.442269
0.442242
0.442014
0.441662
0.440282
0.439926
0.439436
0.439303
0.438154
0.437825
0.437108
0.436469
0.436391
0.433816
0.433554
0.43326
0.433464
0.433475
0.43317
0.432233
0.431986
0.431485
0.430877
0.430772
0.430384
0.429945
0.430199
0.430333
0.430137
0.430305
0.430305
0.43063
0.430595
0.43036
0.430344
0.43038
0.430583
0.430689
0.429862
0.430137
0.430662
0.431257
0.431869
0.433158
0.433957
0.4342
0.43469
0.435313
0.43576
0.437226
0.438213
0.43846
0.440745
0.44225
0.442755
0.444887
0.447011
0.447567
0.450534
0.452305
0.453657
0.456267
0.458888
0.460726
0.463415
0.465586
0.466264
0.469332
0.471377
0.472153
0.474744
0.476456
0.476966
0.479191
0.481319
0.482468
0.483792
0.485826
0.487002
0.488487
0.490074
0.492425
0.493965
0.495239
0.495337
0.497073
0.498452
0.499542
0.496528
0.498182
0.498946
0.502273
0.503805
0.505427
0.505996
0.507277
0.507677
0.507293
0.505862
0.508719
0.509981
0.510612
0.508747
0.50895
0.508167
0.507618
0.504032
0.502974
0.500948
0.499471
0.500106
0.501983
0.501787
0.495932
0.498248
0.498276
0.496673
0.496602
0.494525
0.494831
0.49382
0.491489
0.490129
0.489796
0.489173
0.490583
0.49103
0.491606
0.493436
0.492374
0.492625
0.492402
0.494886
0.492668
0.491367
0.490642
0.494153
0.49565
0.490391
0.490681
0.490191
0.492351
0.490501
0.471597
0.472134
0.469943
0.467004
0.466608
0.463681
0.447485
0.447411
0.444663
0.442927
0.440956
0.437778
0.436752
0.436579
0.433197
0.429761
0.428691
0.429353
0.42585
0.426947
0.417514
0.417565
0.417138
0.414787
0.412777
0.415387
0.414842
0.412193
0.412377
0.410649
0.410186
0.409505
0.409849
0.409046
0.394312
0.394006
0.393685
0.392689
0.392811
0.39189
0.395389
0.397658
0.399453
0.399782
0.403764
0.397838
0.399128
0.39832
0.396937
0.395593
0.395472
0.394531
0.392176
0.395037
0.396471
0.396075
0.397776
0.397995
0.402059
0.403242
0.404504
0.404951
0.408156
0.411429
0.411389
0.410504
0.410711
0.410496
0.411507
0.416339
0.414301
0.418004
0.417922
0.419975
0.424803
0.428467
0.428518
0.431606
0.433252
0.434271
0.431571
0.432233
0.433401
0.436462
0.436767
0.438464
0.44058
0.442316
0.444123
0.445263
0.450651
0.454139
0.457258
0.454938
0.454699
0.44955
0.44638
0.44455
0.440372
0.432025
0.428107
0.422715
0.419968
0.420077
0.414129
0.407204
0.408388
0.406358
0.401017
0.399398
0.397803
0.393418
0.392529
0.387818
0.383602
0.384844
0.380286
0.377026
0.375588
0.371767
0.361378
0.36244
0.363424
0.363765
0.362703
0.363749
0.364666
0.364874
0.366316
0.364306
0.364513
0.359823
0.355759
0.353517
0.351217
0.347647
0.345852
0.346773
0.348008
0.350018
0.34624
0.348106
0.349313
0.35376
0.354658
0.346044
0.348368
0.350437
0.350986
0.354046
0.359051
0.360473
0.365407
0.369036
0.368981
0.369279
0.369514
0.370709
0.375314
0.373456
0.372708
0.372958
0.372927
0.373942
0.377324
0.380004
0.382015
0.386145
0.387673
0.389734
0.386141
0.388371
0.389503
0.397948
0.40015
0.401742
0.406495
0.413635
0.417413
0.421359
0.423741
0.427119
0.430607
0.434251
0.433789
0.432511
0.431908
0.4294
0.427343
0.422268
0.419439
0.413819
0.407102
0.406225
0.396937
0.385173
0.381196
0.374534
0.369408
0.366253
0.358051
0.352334
0.34932
0.346722
0.340856
0.341236
0.337678
0.337208
0.335354
0.335346
0.334563
0.33258
0.333649
0.333665
0.336577
0.331604
0.324009
0.324397
0.321725
0.321517
0.310501
0.308252
0.299721
0.297338
0.292334
0.285845
0.281197
0.276796
0.275554
0.273187
0.272262
0.272674
0.268007
0.268144
0.268273
0.26582
0.267207
0.269194
0.267568
0.267293
0.266827
0.263179
0.261176
0.256634
0.254703
0.251842
0.247637
0.245356
0.246093
0.245325
0.246038
0.249451
0.25069
0.251125
0.250976
0.250647
0.253617
0.256693
0.256321
0.255098
0.257297
0.254001
0.253876
0.251626
0.249059
0.249455
0.24665
0.243683
0.241434
0.234811
0.23159
0.229775
0.224418
0.221158
0.220092
0.21624
0.213309
0.211169
0.208935
0.207
0.208007
0.208473
0.209171
0.209151
0.205471
0.202568
0.20129
0.200252
0.198739
0.197924
0.198496
0.197093
0.197669
0.198904
0.198077
0.194319
0.197818
0.19685
0.196909
0.192461
0.188037
0.187429
0.187386
0.187908
0.187034
0.188417
0.189291
0.191728
0.19232
0.192351
0.192594
0.192085
0.193919
0.195259
0.194746
0.194714
0.191313
0.191893
0.188589
0.188382
0.184851
0.183656
0.181971
0.178314
0.175936
0.17485
0.173173
0.174247
0.173126
0.169
0.163964
0.162318
0.157063
0.150636
0.1491
0.14613
0.142509
0.142184
0.1416
0.142811
0.14506
0.145903
0.144045
0.144037
0.143054
0.137791
0.137411
0.135604
0.132406
0.130702
0.128499
0.128166
0.128578
0.12951
0.130036
0.128284
0.126227
0.123773
0.12424
0.125458
0.131246
0.134088
0.142207
0.147529
0.148712
0.147266
0.145989
0.147321
0.150221
0.154622
0.155911
0.162659
0.170845
0.175011
0.180172
0.187147
0.189177
0.191207
0.194844
0.193856
0.189789
0.192014
0.194146
0.197967
0.206149
0.207674
0.21316
0.220547
0.2224
0.227534
0.231982
0.23449
0.237021
0.236171
0.23583
0.229987
0.234251
0.236461
0.236222
0.236727
0.236277
0.232413
0.225782
0.223631
0.218572
0.213133
0.210495
0.20633
0.205256
0.201776
0.197003
0.191858
0.187061
0.185748
0.184863
0.185341
0.185568
0.181175
0.181187
0.180297
0.172354
0.171578
0.168392
0.167377
0.165065
0.166386
0.165998
0.164517
0.160896
0.159062
0.155888
0.149543
0.141764
0.137998
0.130102
0.120858
0.117468
0.111402
0.10612
0.105524
0.0991598
0.0938068
0.0916358
0.0905542
0.0853384
0.0809337
0.0764194
0.0722733
0.0698868
0.0666421
0.0619318
0.0608345
0.0558656
0.0529814
0.0506302
0.0474599
0.0427574
0.0411546
0.0387602
0.0362797
0.0349787
0.0311697
0.0262517
0.02363
0.0187081
0.0149148
0.013308
0.0123989
0.0127986
0.0125243
0.0124969
0.0124499
0.0122382
0.0116818
0.0117758
0.0120227
0.0125126
0.0120893
0.0119247
0.0122108
0.0118816
0.011815
0.0118542
0.0123636
0.0139546
0.0225053
0.0326901
0.0381803
0.0500697
0.0625157
0.0679039
0.0783004
0.0887321
0.0948179
0.104348
0.111712
0.114945
0.120074
0.122633
0.123895
0.128323
0.133727
0.135381
0.137219
0.130808
0.125188
0.116179
0.114047
0.117617
0.119381
0.124103
0.125274
0.132504
0.142756
0.14582
0.1493
0.152956
0.151177
0.146479
0.143998
0.138614
0.138684
0.144982
0.146874
0.148034
0.156424
0.158827
0.15954
0.153572
0.152721
0.148669
0.145044
0.143465
0.138316
0.134762
0.131705
0.125235
0.116896
0.114494
0.108604
0.102275
0.101836
0.0963971
0.0887634
0.0865101
0.0780064
0.0699534
0.0673828
0.0647454
0.0603643
0.0562339
0.057774
0.0566023
0.0550191
0.0510259
0.0506576
0.0490744
0.0472444
0.0449362
0.0442465
0.0429533
0.0410135
0.0397595
0.037134
0.0360132
0.0357311
0.0312363
0.0266278
0.0244608
0.0196682
0.0158513
0.0148755
0.0144641
0.0144405
0.01408
0.0136647
0.0135196
0.0139115
0.0137665
0.0143152
0.0150362
0.0175952
0.0190725
0.020303
0.0237045
0.0279171
0.0306641
0.0367656
0.0427221
0.0463117
0.0515118
0.058401
0.0618965
0.0688092
0.0769327
0.0807927
0.0909775
0.0982546
0.10164
0.110967
0.117711
0.123875
0.131509
0.141521
0.145985
0.153152
0.161546
0.166527
0.174063
0.17902
0.181183
0.186701
0.192316
0.194185
0.195651
0.198053
0.198085
0.198081
0.199464
0.19919
0.195016
0.198073
0.19801
0.198539
0.200455
0.200244
0.200839
0.202591
0.203198
0.203488
0.204002
0.204727
0.205334
0.205573
0.205714
0.206122
0.205205
0.206036
0.208254
0.211451
0.2143
0.217149
0.224391
0.226727
0.228408
0.231057
0.231837
0.230692
0.230265
0.229505
0.227789
0.223717
0.221044
0.218243
0.215335
0.213759
0.209688
0.204554
0.203684
0.197806
0.189228
0.184494
0.173514
0.162404
0.158615
0.150582
0.143304
0.140173
0.136505
0.130102
0.127818
0.121704
0.115865
0.112723
0.103032
0.0937755
0.0892885
0.0801657
0.0712858
0.0667401
0.0587811
0.0523622
0.0500463
0.0426516
0.0367382
0.0349865
0.0314244
0.0255384
0.0237828
0.0198837
0.0158278
0.014707
0.0138332
0.0145856
0.0143152
0.0145581
0.0137117
0.0127947
0.0111253
0.00952643
0.00829595
0.00800204
0.00693619
0.00590944
0.00539219
0.00597608
0.00615245
0.00576448
0.00623864
0.0068813
0.00646198
0.0065639
0.00672066
0.00712037
0.00691658
0.00675201
0.00681078
0.00727713
0.00736332
0.00759846
0.00692832
0.00726146
0.00720263
0.00769252
0.00791585
0.00784922
0.00723398
0.00737506
0.00750047
0.00811964
0.00833124
0.00853109
0.00798637
0.00786883
0.00835478
0.00807261
0.00841743
0.00867999
0.00877404
0.00883675
0.00943244
0.0094285
0.00966364
0.00980079
0.00948334
0.00848013
0.00881326
0.00910717
0.00906795
0.00929523
0.01138
0.0138685
0.0195467
0.0265808
0.029081
0.0325804
0.0348259
0.0365031
0.0388112
0.0421813
0.0435646
0.0456533
0.0468603
0.0476636
0.0488197
0.0506184
0.0522643
0.0545606
0.0549604
0.0562692
0.0568452
0.0571274
0.0578994
0.0594865
0.0592592
0.0590084
0.0591809
0.0587929
0.0576016
0.0570804
0.0574057
0.057386
0.0589496
0.0627195
0.0652314
0.068864
0.0696047
0.0696242
0.0699338
0.0708743
0.0713172
0.0714974
0.0709527
0.0708626
0.0725908
0.0731159
0.0741583
0.0708939
0.065925
0.0645456
0.0600155
0.0550818
0.052805
0.0474285
0.0446031
0.0442935
0.0434236
0.0408568
0.0405158
0.0378315
0.0327607
0.032843
0.0327176
0.0333211
0.0332466
0.0332152
0.0331643
0.0330546
0.031781
0.0315223
0.028309
0.0276937
0.0267572
0.0254561
0.0239435
0.0202481
0.0184965
0.0167134
0.0164626
0.0162471
0.0159375
0.0153772
0.0150715
0.0150401
0.0138136
0.01408
0.0126889
0.0122304
0.0126458
0.0119208
0.0121246
0.0116426
0.0107883
0.0100241
0.00938541
0.0086996
0.00895435
0.00927174
0.00937754
0.00964403
0.00967145
0.00956959
0.00942063
0.00930309
0.00902092
0.00955778
0.00991833
0.0107648
0.0108235
0.0100751
0.00993007
0.00924826
0.00938147
0.00885242
0.00886029
0.00840175
0.00847626
0.0113683
0.0146365
0.0231519
0.0326079
0.0350767
0.0419658
0.0456102
0.0464371
0.0481731
0.049192
0.0494232
0.0501364
0.0514727
0.0516334
0.0515667
0.0513708
0.0509436
0.0504969
0.0506145
0.0505008
0.0509906
0.0510847
0.0509397
0.0522486
0.0546939
0.0554541
0.0563594
0.0566062
0.0553248
0.0591965
0.0614223
0.0628723
0.063993
0.0600587
0.0584049
0.0535378
0.0506302
0.0502383
0.0495917
0.0491371
0.0477851
0.0409587
0.035782
0.0339441
0.0302722
0.0251348
0.0224387
0.0178342
0.01495
0.0135
0.015624
0.0194095
0.0210515
0.0226699
0.0240728
0.0246685
0.0259225
0.0269178
0.0276467
0.0288145
0.0301194
0.0305231
0.031444
0.0329723
0.0338893
0.0350296
0.0350414
0.0358682
0.0356017
0.0354921
0.0353392
0.0342341
0.03376
0.032988
0.0324668
0.0358682
0.0378668
0.0409822
0.0451204
0.0472913
0.0482828
0.0486825
0.0483102
0.045669
0.0403944
0.0378786
0.0344026
0.030527
0.028407
0.0252328
0.0207772
0.0189824
0.0150715
0.0151851
0.0151498
0.0144288
0.014613
0.0141075
0.0130024
0.0122931
0.0112782
0.0094285
0.00866044
0.00863296
0.00911891
0.00962442
0.00983214
0.00999278
0.0104513
0.0104669
0.0107021
0.0109842
0.0111057
0.0115407
0.0119953
0.0122814
0.0128143
0.0135902
0.013986
0.0138763
0.0139938
0.0141075
0.0135471
0.0136294
0.0137548
0.0173992
0.022858
0.025703
0.0306132
0.0353
0.0380392
0.042777
0.0436234
0.0436783
0.0445521
0.0455044
0.0465625
0.047456
0.0469269
0.0469661
0.0477146
0.0482554
0.0487295
0.0495877
0.0509828
0.0516608
0.0532126
0.0540237
0.0549015
0.055701
0.0566611
0.0569628
0.057774
0.0583031
0.0577623
0.0574331
0.0589065
0.0587615
0.058934
0.0601017
0.0597412
0.0599724
0.0615674
0.0621787
0.0634915
0.0660151
0.0673318
0.0691462
0.0713015
0.073155
0.0705373
0.0679275
0.0667949
0.0635855
0.0614067
0.0608855
0.0592592
0.0549094
0.0519782
0.0470288
0.0421069
0.0391796
0.0330938
0.0274038
0.0247312
0.0203775
0.0152008
0.013261
0.0101848
0.00689697
0.00586635
0.00444382
0.00409114
0.00366402
0.00308406
0.00287241
0.00286067
0.00284892
0.00282544
0.00281757
0.00277054
0.00276661
0.00274706
0.00267255
0.0026961
0.00270784
0.00270003
0.00277054
0.00278622
0.0028646
0.00284892
0.00287241
0.00291556
0.00290769
0.00291556
0.00290376
0.00282931
0.00283325
0.00284892
0.00285286
0.00282931
0.00288028
0.00291556
0.00293905
0.00300175
0.00302136
0.00302136
0.00302529
0.00318986
0.00311929
0.00299782
0.00304878
0.00303704
0.0030331
0.0030331
0.00301743
0.00290769
0.00293124
0.00296259
0.00304097
0.0030331
0.00378549
0.00803733
0.0133002
0.0158553
0.0187551
0.0213023
0.0221605
0.0238063
0.0251544
0.0258206
0.0269727
0.0281169
0.0283011
0.0307778
0.0357076
0.0386662
0.0466017
0.0521623
0.0555325
0.0621904
0.070941
0.0761451
0.0831596
0.0870156
0.0883363
0.0923647
0.0937833
0.0940694
0.0962952
0.100183
0.10157
0.102115
0.107005
0.109298
0.113643
0.11672
0.118808
0.123201
0.125795
0.126857
0.126779
0.127387
0.127257
0.126313
0.125219
0.12444
0.122398
0.118495
0.117304
0.116567
0.118072
0.117135
0.112354
0.112295
0.113855
0.114913
0.116481
0.11565
0.114662
0.113922
0.112178
0.111112
0.109008
0.107107
0.107875
0.104732
0.103459
0.102804
0.100649
0.0991559
0.096742
0.09182
0.0901075
0.0869255
0.0853384
0.0838336
0.0815882
0.0764899
0.0734176
0.066117
0.0599332
0.0564259
0.0516137
0.0468916
0.0451086
0.042342
0.0377845
0.0344496
0.029802
0.0270472
0.0264672
0.026381
0.0272823
0.0273293
0.0277134
0.0281287
0.0291632
0.0288028
0.0288811
0.0287244
0.0288694
0.0292377
0.0295982
0.0318162
0.0352687
0.0376199
0.0417385
0.0455671
0.0469348
0.0491998
0.0508692
0.0518959
0.052131
0.0534791
0.053867
0.0547957
0.055846
0.0559675
0.0563163
0.0563515
0.0567982
0.0568296
0.0566611
0.0576878
0.0577427
0.057821
0.0579739
0.0575075
0.0576721
0.0572685
0.0582482
0.0590515
0.0591612
0.0600625
0.0607444
0.0616183
0.062692
0.0625196
0.0625039
0.0633347
0.0637305
0.0642125
0.0648042
0.0650668
0.0653411
0.0657643
0.0652588
0.0652941
0.0660817
0.0666969
0.0667832
0.0660269
0.0664501
0.0666538
0.0670771
0.0680528
0.0683742
0.0695772
0.0698398
0.0702983
0.0698594
0.0696752
0.069589
0.0690286
0.0679
0.0681155
0.0680411
0.0683115
0.0687661
0.0685309
0.0683663
0.0681469
0.0677942
0.0679745
0.0684291
0.0685427
0.0693147
0.0696204
0.0698555
0.0696204
0.0700592
0.0698829
0.0706236
0.0707411
0.0705687
0.0707489
0.0711526
0.0693813
0.0700161
0.0704668
0.0712937
0.0717483
0.0717561
0.0717483
0.0710428
0.0715171
0.0717717
0.0719246
0.072677
0.072677
0.0724027
0.0724967
0.0721714
0.0720264
0.0719912
0.0721166
0.0721244
0.0724888
0.0725124
0.072771
0.0730179
0.0732334
0.0727044
0.0727671
0.0733432
0.073594
0.0736802
0.0733197
0.0732295
0.0729865
0.0723478
0.0725829
0.0729905
0.0730258
0.0739388
0.0746324
0.0769327
0.0794486
0.0802441
0.0825992
0.0835044
0.0830225
0.0828382
0.0810043
0.0801147
0.0785316
0.077305
0.0735508
0.0731354
0.0728063
0.072673
0.0735665
0.0745502
0.074895
0.0747304
0.0753065
0.0756748
0.076102
0.0761137
0.0763488
0.0763763
0.0758315
0.0755102
0.0752555
0.0753378
0.0751301
0.0755847
0.0768309
0.0771561
0.0778458
0.0784492
0.0788842
0.078606
0.0794054
0.0796798
0.0801422
0.0813452
0.0817136
0.0814785
0.0811689
0.0811023
0.0796562
0.0798953
0.0799932
0.0803146
0.0803107
0.0805811
0.0803734
0.0802127
0.0801383
0.0802088
0.0798953
0.0798365
0.0802205
0.0812159
0.0815725
0.0816274
0.0792605
0.0796719
0.0794564
0.0799932
0.0804204
0.0803616
0.0802558
0.0800285
0.0797111
0.0798522
0.080103
0.0805693
0.0812747
0.0814942
0.0818272
0.0812473
0.0812786
0.0812551
0.0815607
0.0815255
0.0831439
0.0838532
0.0842568
0.084829
0.0848643
0.0845703
0.0847741
0.0847232
0.0852405
0.0872861
0.0888927
0.0903662
0.0944573
0.0981997
0.0998809
0.104266
0.10958
0.111739
0.116308
0.120235
0.122304
0.12701
0.130576
0.132273
0.136302
0.139648
0.142031
0.147337
0.152043
0.155515
0.159265
0.163341
0.165147
0.170054
0.174647
0.176774
0.18074
0.186101
0.18877
0.19203
0.195318
0.19765
0.203261
0.207842
0.209516
0.213003
0.216918
0.218348
0.221323
0.224614
0.225915
0.230065
0.233686
0.235336
0.238357
0.244937
0.246332
0.249071
0.254197
0.257704
0.26254
0.267991
0.271334
0.275703
0.278775
0.279148
0.280782
0.284277
0.286021
0.288991
0.291319
0.292236
0.29476
0.295939
0.297295
0.29936
0.303354
0.304757
0.308217
0.310407
0.313417
0.313256
0.316568
0.317473
0.322387
0.32727
0.329801
0.33254
0.33461
0.335139
0.335813
0.336757
0.336561
0.339363
0.342282
0.342177
0.343623
0.344732
0.344673
0.34568
0.345539
0.346229
0.346209
0.347005
0.34626
0.346182
0.349352
0.350825
0.352687
0.343881
0.344011
0.345766
0.345715
0.346918
0.348211
0.348302
0.349093
0.350375
0.351993
0.351942
0.351844
0.351158
0.351895
0.351299
0.351284
0.351985
0.354552
0.357683
0.358193
0.361375
0.360301
0.361739
0.36429
0.365383
0.365329
0.365944
0.367758
0.368511
0.370505
0.371595
0.37134
0.372382
0.372664
0.372273
0.371175
0.371798
0.3721
0.370846
0.370925
0.371011
0.370979
0.372547
0.372708
0.373903
0.375729
0.371975
0.373013
0.374447
0.377042
0.380075
0.38415
0.385138
0.386357
0.38763
0.387309
0.387023
0.386921
0.387567
0.386596
0.387254
0.386592
0.385831
0.383848
0.383515
0.382226
0.381325
0.380694
0.378413
0.377731
0.378417
0.37674
0.37607
0.376148
0.37627
0.373879
0.371881
0.371497
0.369541
0.36902
0.369302
0.367935
0.367727
0.367782
0.367535
0.367453
0.368244
0.370282
0.370689
0.372182
0.373154
0.371892
0.372708
0.373096
0.373268
0.375176
0.376344
0.376975
0.376254
0.376595
0.376391
0.377241
0.37915
0.378993
0.379926
0.380467
0.380717
0.381968
0.38165
0.381881
0.383092
0.384554
0.38531
0.385961
0.386752
0.387391
0.38832
0.390103
0.390561
0.392368
0.393422
0.393183
0.393665
0.394206
0.394268
0.393955
0.394241
0.394656
0.394123
0.394468
0.394692
0.394731
0.395256
0.395029
0.395385
0.395824
0.39564
0.396055
0.396823
0.39749
0.398234
0.399418
0.39981
0.399637
0.40142
0.402392
0.402235
0.403877
0.404438
0.405668
0.406777
0.408117
0.409744
0.411691
0.41224
0.412553
0.413937
0.414211
0.414368
0.414403
0.414807
0.41483
0.415594
0.415437
0.415618
0.415782
0.415669
0.41608
0.416253
0.41617
0.416174
0.416601
0.417146
0.41697
0.417009
0.41684
0.41655
0.416578
0.416456
0.416445
0.416484
0.416382
0.417432
0.41771
0.418228
0.41878
0.419454
0.419913
0.421127
0.422037
0.422217
0.422358
0.422213
0.422334
0.422268
0.422135
0.420469
0.419713
0.419901
0.419466
0.41976
0.419862
0.419956
0.419842
0.419689
0.419623
0.419846
0.419846
0.41985
0.42016
0.420924
0.420939
0.42128
0.422052
0.422323
0.421939
0.422021
0.422111
0.422566
0.423106
0.423604
0.425513
0.42487
0.4246
0.425469
0.425756
0.425728
0.425669
0.425877
0.426175
0.427139
0.427327
0.427229
0.427476
0.427774
0.42804
0.428173
0.428487
0.428412
0.428056
0.427966
0.428107
0.428056
0.427719
0.427464
0.427523
0.425031
0.425046
0.425403
0.424486
0.423882
0.423643
0.423498
0.423651
0.424466
0.424012
0.423549
0.423373
0.42353
0.423103
0.422993
0.422523
0.422436
0.42255
0.422636
0.422597
0.422476
0.422495
0.422327
0.422299
0.423232
0.422911
0.421899
0.421265
0.421139
0.421061
0.420399
0.420567
0.420442
0.419995
0.419211
0.418431
0.417953
0.417373
0.416793
0.417236
0.418149
0.418486
0.418561
0.418784
0.418866
0.419219
0.419341
0.418514
0.418592
0.418333
0.414168
0.414611
0.414732
0.414767
0.414521
0.414599
0.414877
0.41532
0.414936
0.414591
0.414242
0.414262
0.413721
0.413024
0.413388
0.412518
0.41195
0.412016
0.412502
0.413604
0.413815
0.414285
0.415402
0.41539
0.415265
0.415684
0.415528
0.41563
0.415579
0.415649
0.415202
0.415065
0.414505
0.413357
0.412471
0.41206
0.412154
0.411734
0.411499
0.411817
0.411472
0.411574
0.411272
0.411146
0.411139
0.411127
0.410817
0.410864
0.411005
0.411111
0.411711
0.411546
0.411723
0.411915
0.412518
0.41309
0.413419
0.413651
0.413725
0.41369
0.413188
0.41302
0.41318
0.413521
0.413796
0.414117
0.414818
0.415622
0.416065
0.417315
0.418079
0.41831
0.418843
0.419231
0.419301
0.418741
0.418412
0.418655
0.418522
0.418522
0.418545
0.418639
0.418753
0.418827
0.418702
0.418631
0.41849
0.418474
0.418298
0.418424
0.418424
0.418408
0.418279
0.418341
0.418435
0.418424
0.418635
0.41927
0.419399
0.419815
0.426296
0.426065
0.425999
0.425822
0.426304
0.426445
0.426469
0.425979
0.425999
0.425932
0.426038
0.426273
0.426359
0.426618
0.426739
0.427155
0.427229
0.42726
0.427499
0.427464
0.427625
0.427358
0.427445
0.427515
0.427284
0.428546
0.428569
0.428381
0.428581
0.42884
0.428495
0.42842
0.42786
0.426488
0.425951
0.424498
0.423816
0.423291
0.422256
0.421739
0.421425
0.421453
0.421527
0.421578
0.421562
0.421551
0.421249
0.421363
0.421288
0.421249
0.421433
0.421167
0.42112
0.421006
0.420916
0.420912
0.420747
0.421037
0.42079
0.420512
0.420626
0.421335
0.421316
0.421476
0.421425
0.421429
0.42159
0.421449
0.421539
0.42119
0.421472
0.421225
0.420928
0.420877
0.420802
0.420947
0.420775
0.421041
0.420544
0.420097
0.419979
0.420007
0.420222
0.420046
0.420003
0.41994
0.41994
0.420038
0.420293
0.420254
0.420888
0.421284
0.421492
0.421805
0.421884
0.422319
0.422526
0.422566
0.422483
0.422135
0.420324
0.420187
0.419748
0.419681
0.419411
0.418576
0.418439
0.418357
0.418819
0.418976
0.419885
0.420591
0.42103
0.421692
0.422436
0.422652
0.422801
0.422918
0.423044
0.423373
0.423792
0.423984
0.423675
0.423639
0.423404
0.42199
0.421617
0.421645
0.421461
0.420892
0.420575
0.420453
0.420308
0.420359
0.422299
0.421974
0.422111
0.422025
0.421974
0.422139
0.422225
0.422554
0.42282
0.423346
0.423393
0.424016
0.424494
0.424776
0.424921
0.425242
0.425595
0.425618
0.426014
0.425814
0.426065
0.42592
0.425744
0.425497
0.425368
0.424792
0.424462
0.42409
0.423988
0.423181
0.422248
0.422221
0.421472
0.421273
0.421206
0.421653
0.421817
0.422056
0.423032
0.423389
0.423639
0.424321
0.425156
0.425516
0.426265
0.427006
0.427715
0.428675
0.429506
0.430462
0.432018
0.434036
0.434432
0.435102
0.434647
0.435047
0.433977
0.433781
0.433977
0.433503
0.434001
0.433072
0.433573
0.435106
0.434976
0.435858
0.436085
0.43585
0.436356
0.436642
0.436571
0.436732
0.435678
0.435556
0.435376
0.432856
0.433174
0.43333
0.43268
0.432417
0.431583
0.431285
0.431124
0.431179
0.431312
0.430909
0.429557
0.428459
0.428271
0.427684
0.426884
0.426661
0.426194
0.426171
0.426026
0.425513
0.425293
0.425132
0.424748
0.424482
0.424411
0.423737
0.42331
0.423424
0.422754
0.42161
0.422472
0.422664
0.42237
0.422503
0.423134
0.42295
0.422515
0.422621
0.422687
0.42286
0.423365
0.424098
0.423569
0.423385
0.42322
0.423103
0.423114
0.422938
0.422883
0.422993
0.422773
0.423048
0.422189
0.422119
0.422182
0.422123
0.422221
0.422315
0.422401
0.422566
0.422558
0.422863
0.422926
0.42264
0.422742
0.422781
0.422863
0.422213
0.422346
0.422146
0.42228
0.422264
0.422193
0.422385
0.420932
0.420845
0.420822
0.42103
0.420477
0.420442
0.42012
0.420258
0.420066
0.419721
0.419642
0.419305
0.419552
0.419423
0.419152
0.419368
0.419595
0.419329
0.419031
0.419094
0.418968
0.418525
0.418584
0.418478
0.417601
0.417518
0.417209
0.417032
0.416445
0.415524
0.415461
0.415332
0.414952
0.414728
0.414634
0.414227
0.414442
0.414015
0.414289
0.413012
0.413059
0.413188
0.412436
0.411762
0.411523
0.41088
0.410551
0.40885
0.408979
0.408819
0.407761
0.407816
0.407271
0.409442
0.410492
0.410645
0.410249
0.410923
0.410809
0.411483
0.412314
0.413537
0.414967
0.416096
0.41628
0.417107
0.417777
0.418036
0.419074
0.419881
0.420058
0.420661
0.421515
0.42186
0.422362
0.422981
0.423118
0.423663
0.423502
0.423157
0.423024
0.422989
0.423036
0.422863
0.422679
0.42302
0.423009
0.423393
0.423502
0.424043
0.424231
0.424647
0.425501
0.426026
0.426375
0.427151
0.427852
0.428209
0.428765
0.429953
0.439393
0.439839
0.440553
0.44051
0.44078
0.441105
0.440968
0.441391
0.442069
0.442336
0.443174
0.443801
0.444095
0.444816
0.445608
0.446004
0.446576
0.446948
0.447128
0.447767
0.448422
0.448292
0.448617
0.448966
0.449072
0.449621
0.449644
0.449644
0.449401
0.449154
0.449315
0.44915
0.448582
0.448245
0.447857
0.446956
0.446893
0.446337
0.445957
0.445553
0.445349
0.445149
0.445079
0.444902
0.44446
0.444279
0.443829
0.443543
0.443649
0.443809
0.446831
0.446439
0.446584
0.446125
0.446043
0.446106
0.44571
0.445765
0.446239
0.446533
0.446831
0.446729
0.446184
0.445655
0.44529
0.44533
0.445612
0.4454
0.445674
0.445616
0.445573
0.445232
0.445208
0.444471
0.443989
0.44533
0.444679
0.444667
0.445659
0.445165
0.443104
0.442583
0.443214
0.44491
0.445051
0.445334
0.446443
0.445694
0.445757
0.445874
0.445906
0.446423
0.445843
0.445917
0.445604
0.445898
0.445878
0.446035
0.445984
0.446125
0.44638
0.44676
0.446482
0.446109
0.446533
0.446631
0.446925
0.446901
0.447179
0.446987
0.446533
0.447015
0.446235
0.447869
0.447281
0.446889
0.447818
0.447614
0.448041
0.448057
0.447842
0.448081
0.447947
0.448112
0.447971
0.448363
0.4481
0.448112
0.447955
0.447775
0.448175
0.447959
0.448245
0.447947
0.448092
0.448347
0.448288
0.4481
0.447881
0.447889
0.447673
0.447842
0.448022
0.447414
0.448128
0.447759
0.4485
0.448947
0.448876
0.449456
0.450788
0.451176
0.4518
0.45167
0.452274
0.451921
0.452027
0.451329
0.451376
0.4514
0.450185
0.448994
0.448135
0.448167
0.4454
0.446137
0.447857
0.450334
0.450506
0.451831
0.451929
0.451302
0.451353
0.451686
0.451125
0.448857
0.448233
0.447936
0.447626
0.44761
0.447222
0.447473
0.447144
0.447081
0.446591
0.446627
0.446678
0.446497
0.446454
0.446333
0.446345
0.446219
0.446411
0.446658
0.446501
0.446521
0.446372
0.446388
0.44645
0.446215
0.447657
0.44794
0.447501
0.447763
0.447164
0.44734
0.447732
0.447171
0.446901
0.446207
0.446141
0.446537
0.446576
0.446603
0.446756
0.44734
0.447434
0.447634
0.447622
0.447512
0.448504
0.450158
0.450659
0.450502
0.451165
0.450984
0.451415
0.451188
0.451361
0.450792
0.451196
0.451408
0.451219
0.451517
0.452234
0.451862
0.452391
0.452407
0.45301
0.451451
0.451545
0.451866
0.452109
0.451749
0.451584
0.451474
0.451549
0.449511
0.449307
0.448958
0.464073
0.463485
0.463607
0.463732
0.463164
0.464524
0.464723
0.464488
0.462302
0.458951
0.46113
0.457337
0.457466
0.45754
0.457376
0.457
0.457313
0.45698
0.456988
0.457051
0.457713
0.457635
0.457944
0.457709
0.457772
0.457587
0.457638
0.457823
0.458187
0.45968
0.460566
0.459182
0.459081
0.459339
0.456917
0.453747
0.452411
0.45093
0.44966
0.448778
0.449197
0.448629
0.448778
0.448857
0.448943
0.448735
0.448759
0.449327
0.449562
0.44944
0.450095
0.449911
0.450099
0.449362
0.449342
0.449225
0.449041
0.449303
0.449405
0.450032
0.449852
0.449613
0.449821
0.450236
0.450471
0.450346
0.450812
0.451247
0.450522
0.45111
0.450918
0.451513
0.452685
0.454076
0.455056
0.457027
0.456957
0.458689
0.459657
0.460813
0.46209
0.462925
0.463328
0.463975
0.46432
0.46441
0.464908
0.466369
0.466624
0.467721
0.468168
0.468423
0.469434
0.470617
0.471444
0.471801
0.473705
0.474567
0.476766
0.478921
0.478764
0.480665
0.48293
0.484733
0.489584
0.494188
0.496038
0.501375
0.505702
0.507528
0.508319
0.510871
0.511948
0.514154
0.51571
0.517803
0.518383
0.522725
0.522913
0.525178
0.525997
0.527596
0.52809
0.529775
0.530927
0.525452
0.527153
0.528015
0.532459
0.534512
0.537177
0.541307
0.545649
0.546233
0.549564
0.552166
0.555011
0.558338
0.560423
0.562057
0.565447
0.571082
0.573108
0.5764
0.579362
0.580224
0.583896
0.586953
0.589285
0.590852
0.59126
0.592541
0.593901
0.593141
0.592647
0.593407
0.588716
0.586577
0.583763
0.580385
0.581361
0.578249
0.576557
0.574907
0.571466
0.565474
0.565082
0.562437
0.561689
0.560897
0.533642
0.534211
0.532635
0.503127
0.498166
0.493389
0.492511
0.487558
0.486806
0.467153
0.465111
0.464151
0.462662
0.46314
0.461059
0.446854
0.448449
0.45002
0.454374
0.458602
0.461585
0.454895
0.455769
0.453829
0.452948
0.452121
0.449719
0.445095
0.443793
0.443935
0.445318
0.448041
0.447465
0.445961
0.447403
0.449844
0.448559
0.450181
0.450765
0.453912
0.457654
0.459813
0.459715
0.46347
0.461922
0.465182
0.468399
0.468031
0.469214
0.473623
0.47224
0.472843
0.477083
0.467506
0.467572
0.463054
0.467306
0.468148
0.468462
0.469661
0.466432
0.464637
0.464998
0.46673
0.463356
0.460436
0.456894
0.45339
0.452348
0.451372
0.451106
0.447685
0.449723
0.450933
0.449707
0.446521
0.445287
0.443919
0.432155
0.429761
0.422378
0.424349
0.425081
0.415445
0.412753
0.408352
0.406515
0.404057
0.396678
0.395773
0.395679
0.393982
0.393058
0.39305
0.388465
0.387869
0.387301
0.386478
0.383809
0.382622
0.380361
0.379079
0.38022
0.380659
0.3802
0.364165
0.362911
0.363898
0.366543
0.370513
0.371461
0.374953
0.379338
0.380576
0.385914
0.385906
0.38589
0.38647
0.388806
0.38968
0.392419
0.394974
0.393379
0.393081
0.394754
0.391996
0.391753
0.389637
0.388245
0.387336
0.384115
0.385048
0.388994
0.391071
0.390287
0.390134
0.39071
0.390518
0.391369
0.390514
0.390691
0.394417
0.395593
0.396193
0.398654
0.397274
0.396091
0.394174
0.392278
0.392019
0.390287
0.387426
0.388112
0.386799
0.38225
0.384664
0.377132
0.369902
0.366712
0.35842
0.354035
0.35262
0.34396
0.334919
0.334727
0.334841
0.32997
0.32899
0.32698
0.325734
0.326122
0.327274
0.322845
0.320976
0.320671
0.320326
0.321733
0.324554
0.327215
0.327125
0.319879
0.324127
0.324989
0.327583
0.332462
0.334817
0.332513
0.326874
0.326404
0.326137
0.325224
0.325526
0.32397
0.32031
0.318343
0.312371
0.307574
0.304549
0.300916
0.298181
0.295932
0.294705
0.296225
0.295571
0.292753
0.295638
0.297299
0.29898
0.300795
0.302382
0.306532
0.308456
0.309341
0.310607
0.313762
0.316238
0.31723
0.316869
0.316626
0.314397
0.310819
0.308425
0.307527
0.303746
0.302072
0.299623
0.29802
0.295696
0.295575
0.292636
0.281746
0.281879
0.283736
0.286699
0.292867
0.296547
0.291417
0.289325
0.288074
0.282083
0.27959
0.277815
0.274629
0.268908
0.262732
0.26033
0.2575
0.250325
0.248817
0.251638
0.254922
0.255788
0.259597
0.264225
0.262955
0.258088
0.262775
0.266533
0.27332
0.285112
0.290187
0.301884
0.310548
0.314718
0.329237
0.336318
0.337776
0.345022
0.346938
0.350104
0.360669
0.364063
0.366159
0.374494
0.379867
0.381591
0.395346
0.401483
0.404081
0.408721
0.417091
0.420167
0.423012
0.41994
0.417354
0.428271
0.432276
0.432339
0.433581
0.447132
0.453183
0.45379
0.450773
0.449166
0.447677
0.443594
0.440662
0.434459
0.42661
0.422432
0.413976
0.409555
0.405441
0.40073
0.391388
0.388919
0.382853
0.376901
0.37442
0.369667
0.363542
0.359678
0.355206
0.356108
0.354286
0.351746
0.347314
0.346863
0.335793
0.332442
0.33276
0.331584
0.329637
0.329997
0.32959
0.321795
0.31944
0.31799
0.317532
0.315909
0.313856
0.312872
0.31397
0.314773
0.320224
0.322109
0.326815
0.328923
0.328218
0.326474
0.324049
0.322849
0.318276
0.315968
0.313664
0.308769
0.306414
0.305956
0.30237
0.299929
0.299568
0.300293
0.303369
0.304177
0.304992
0.301163
0.301469
0.301053
0.299345
0.298357
0.296386
0.294074
0.294395
0.290179
0.287334
0.28675
0.283701
0.282655
0.281805
0.282189
0.282866
0.282204
0.279461
0.277412
0.278528
0.277474
0.276596
0.276013
0.273254
0.270922
0.262893
0.259824
0.257751
0.256466
0.251101
0.249114
0.248143
0.246273
0.248382
0.248918
0.249902
0.251411
0.250078
0.244671
0.239235
0.235085
0.231041
0.231237
0.229807
0.23119
0.232789
0.234019
0.236723
0.237738
0.239098
0.236375
0.242437
0.246967
0.25076
0.254742
0.255949
0.257344
0.257967
0.259597
0.259503
0.258594
0.258582
0.25895
0.260733
0.259315
0.251963
0.250721
0.248527
0.24391
0.241343
0.23918
0.236927
0.234219
0.232938
0.228584
0.228212
0.229121
0.226609
0.22298
0.2197
0.21131
0.19928
0.195674
0.189181
0.181896
0.17603
0.17101
0.172362
0.172738
0.176132
0.175183
0.17643
0.180583
0.181634
0.182621
0.180438
0.178828
0.177249
0.17507
0.173483
0.170869
0.170054
0.168075
0.168149
0.168592
0.170018
0.17072
0.173698
0.175658
0.175105
0.175916
0.179349
0.180062
0.184302
0.189036
0.191399
0.198343
0.204993
0.2068
0.211251
0.21742
0.220131
0.224991
0.230116
0.231582
0.230587
0.229278
0.228933
0.22847
0.228964
0.230257
0.230947
0.234486
0.236237
0.240031
0.242339
0.244145
0.245121
0.249745
0.250184
0.249393
0.24944
0.252234
0.251591
0.249385
0.249447
0.247175
0.24882
0.25116
0.253644
0.24857
0.245815
0.241402
0.236751
0.2359
0.228169
0.220649
0.218666
0.213748
0.207548
0.206275
0.203081
0.196878
0.194562
0.186183
0.179717
0.176531
0.171112
0.164673
0.16068
0.155021
0.149061
0.147415
0.143398
0.139958
0.137195
0.132242
0.127328
0.125862
0.120732
0.11797
0.115995
0.11235
0.107758
0.104454
0.0978901
0.0920238
0.0892297
0.0821172
0.0755141
0.0724928
0.0684487
0.0649727
0.0629115
0.0576956
0.0528677
0.0501403
0.0439722
0.0361974
0.0332701
0.0281326
0.0229207
0.0209848
0.0166468
0.0138566
0.0130768
0.0100359
0.00713605
0.00553328
0.00268823
0.00144994
0.00144994
0.00144994
0.00144994
0.00145388
0.00144994
0.00144601
0.00145388
0.00148129
0.00148523
0.00149697
0.0015009
0.00149697
0.00148129
0.00147736
0.00150871
0.00149697
0.00150871
0.00150478
0.00150871
0.00152439
0.00152439
0.00154006
0.00153613
0.00161844
0.00162625
0.00167328
0.00158709
0.001544
0.000689685
0.000560403
0
0.000352681
0.000693619
0.00104237
0.0011012
0.00104237
0.00126576
0.00141466
0.00152045
0.00169683
0.00179088
0.00185746
0.00190449
0.00202209
0.00217885
0.00204951
0.00210047
0.00211221
0.00240219
0.00249624
0.00260597
0.002653
0.00284111
0.00288421
0.00268435
0.00268435
0.002653
0.002653
0.00260204
0.00254327
0.0024845
0.00243354
0.00245702
0.00260991
0.00272745
0.00259423
0.00265688
0.00262165
0.00256675
0.0024727
0.00261772
0.00261378
0.00248837
0.0024727
0.00231987
0.00236303
0.00271177
0.00272352
0.00273526
0.00273526
0.00266474
0.00284892
0.00270391
0.00270784
0.00262558
0.00259423
0.00270784
0.00259811
0.00245315
0.00233167
0.00309974
0.00405198
0.00441641
0.00517666
0.0059526
0.00646985
0.00753963
0.00854677
0.00914633
0.0090366
0.00846058
0.00810003
0.00728101
0.00641495
0.00597215
0.00525504
0.00449085
0.00404412
0.00333095
0.00266081
0.00337404
0.00892687
0.0152635
0.0176539
0.0206949
0.0224936
0.0233165
0.0250604
0.0266122
0.0270275
0.031636
0.0391639
0.0433766
0.0494192
0.0556187
0.0592867
0.0616888
0.0632093
0.0636247
0.065102
0.0657212
0.0652862
0.0649806
0.0623119
0.0629859
0.0677001
0.0702474
0.0723792
0.0770542
0.0792683
0.0799188
0.083383
0.0877563
0.0885126
0.0903348
0.0909892
0.0893277
0.0862201
0.0827442
0.0818155
0.0787706
0.0763763
0.0758277
0.0727749
0.0722185
0.0704198
0.0691227
0.0677315
0.0681822
0.0695772
0.0727984
0.0737154
0.0748088
0.073159
0.073061
0.0735744
0.0735508
0.0745384
0.0771365
0.0760275
0.0759844
0.0751771
0.0709527
0.0708234
0.068386
0.0652509
0.0636835
0.0602624
0.0587576
0.0579699
0.0567277
0.0544235
0.0547605
0.0547997
0.0553326
0.0561516
0.0577857
0.0604191
0.0616183
0.0614184
0.0628135
0.0634993
0.0654077
0.0667518
0.0667322
0.0685779
0.0698673
0.0700318
0.0707137
0.0687661
0.0670065
0.0661797
0.0652118
0.0649923
0.0660935
0.0655684
0.0656036
0.0620298
0.058401
0.0572842
0.0519742
0.0478086
0.0454221
0.0402729
0.038294
0.0372006
0.0339951
0.0298216
0.0281601
0.0242492
0.0220469
0.0218
0.0200992
0.0196995
0.0195976
0.017556
0.0150676
0.0140448
0.0112194
0.00984389
0.00993401
0.0102593
0.0106276
0.0107256
0.0112115
0.0113683
0.0117601
0.0119796
0.0146052
0.0162314
0.020256
0.0243393
0.0263065
0.0316595
0.036264
0.0385212
0.0440623
0.0485846
0.0515707
0.0578524
0.0625392
0.0664266
0.0715954
0.0770229
0.0804439
0.0836729
0.0858714
0.088493
0.0908717
0.0918161
0.0933052
0.0928898
0.0939479
0.0960875
0.0964285
0.0991324
0.101578
0.101719
0.103086
0.104481
0.105763
0.10853
0.108549
0.110497
0.114615
0.114725
0.115669
0.115195
0.111476
0.112064
0.112824
0.112785
0.11054
0.108243
0.107855
0.106433
0.1036
0.103102
0.102455
0.102945
0.102479
0.101589
0.101221
0.102401
0.102847
0.100433
0.0992147
0.0935678
0.0876113
0.0850915
0.07658
0.0678452
0.0643457
0.0557715
0.047793
0.0426163
0.0368793
0.0367382
0.0377022
0.0388191
0.0389562
0.0390463
0.0388426
0.0378981
0.0370909
0.0336502
0.0304682
0.0289007
0.0274625
0.0258872
0.0256442
0.0215766
0.0170896
0.0148364
0.00995749
0.00537258
0.00371498
0.00242573
0.00201422
0.0018183
0.00161451
0.00155574
0.00155574
0.00154006
0.001544
0.001544
0.001544
0.001544
0.00155967
0.00155967
0.00155967
0.00155967
0.00155181
0.00154787
0.00154787
0.00154787
0.00154787
0.00154787
0.00154787
0.00154787
0.00154787
0.00154787
0.00154787
0.00154006
0.00154787
0.00155181
0.00155574
0.00156748
0.00157923
0.00157142
0.00156748
0.00156355
0.00156748
0.00155574
0.00155574
0.00155574
0.00154787
0.00154787
0.00155181
0.00155574
0.00155967
0.00155967
0.00155967
0.00156355
0.00156355
0.00155967
0.00155967
0.00155967
0.001544
0.001544
0.001544
0.001544
0.001544
0.001544
0.00154787
0.00154787
0.00155574
0.00155967
0.00155967
0.00154787
0.001544
0.00154006
0.00154006
0.00154006
0.001544
0.00154006
0.00153613
0.00153613
0.00153226
0.00153226
0.00153226
0.00152439
0.00152439
0.00152832
0.00152045
0.00152832
0.00152832
0.00153226
0.00154006
0.00154006
0.00153613
0.00153613
0.00152439
0.00152439
0.00153613
0.001544
0.001544
0.00153613
0.00153226
0.00153613
0.00153226
0.00153226
0.00153226
0.00153226
0.00153613
0.00153613
0.00153613
0.00154006
0.001544
0.001544
0.001544
0.001544
0.001544
0.001544
0.00153613
0.00153613
0.00154006
0.00154006
0.00154006
0.00154787
0.00155181
0.00155967
0.00156355
0.00155967
0.00155967
0.00155967
0.00155967
0.00155967
0.00155574
0.00154787
0.001544
0.00460058
0.00997317
0.0127555
0.01881
0.0229991
0.0251231
0.0288458
0.0304917
0.0313538
0.0328704
0.0339637
0.0344105
0.0357115
0.0366873
0.0372359
0.0379882
0.0385722
0.0387681
0.0396263
0.0409195
0.0413388
0.0420207
0.0427691
0.0432315
0.0438429
0.0440153
0.0445091
0.0455906
0.0468681
0.0479301
0.049478
0.0527188
0.0560458
0.0624295
0.0681391
0.0713289
0.0766035
0.0810239
0.0831478
0.0876818
0.0917612
0.0927527
0.0961581
0.0994772
0.101013
0.103388
0.106288
0.107048
0.108553
0.110516
0.111202
0.112531
0.1144
0.114698
0.116528
0.116904
0.116477
0.115775
0.113495
0.112233
0.110387
0.109266
0.108345
0.107154
0.105967
0.105763
0.104446
0.102722
0.102538
0.10193
0.102099
0.103016
0.106131
0.108823
0.110465
0.111751
0.113863
0.114482
0.117092
0.117727
0.117989
0.118389
0.119482
0.120004
0.121034
0.121963
0.122006
0.123472
0.124322
0.124671
0.125192
0.12634
0.126391
0.127626
0.130514
0.133057
0.138379
0.143681
0.145989
0.150346
0.153293
0.154108
0.157102
0.159375
0.160672
0.162299
0.162346
0.163345
0.164434
0.165214
0.165657
0.165739
0.166249
0.16755
0.168118
0.168357
0.16867
0.168768
0.169897
0.170869
0.171398
0.172389
0.172628
0.172362
0.173526
0.173177
0.173059
0.173792
0.175991
0.180548
0.186219
0.188546
0.193841
0.197826
0.198523
0.201149
0.204021
0.205064
0.20638
0.207819
0.208438
0.209508
0.209602
0.209218
0.208606
0.208222
0.208124
0.206957
0.206365
0.205738
0.20575
0.206259
0.207152
0.20783
0.208536
0.20861
0.209139
0.208834
0.20941
0.212494
0.217467
0.219504
0.223482
0.227612
0.228322
0.230465
0.233318
0.234482
0.236375
0.238322
0.239412
0.240771
0.244345
0.245756
0.247825
0.248566
0.249412
0.251799
0.254463
0.255937
0.260028
0.263727
0.265887
0.269123
0.272215
0.273763
0.277133
0.279927
0.276984
0.278732
0.278764
0.277886
0.277075
0.275715
0.274335
0.272627
0.269684
0.268716
0.266639
0.265742
0.265687
0.264296
0.263261
0.262673
0.26167
0.260212
0.26002
0.259099
0.258057
0.257187
0.255859
0.254659
0.254777
0.251622
0.250306
0.250192
0.249796
0.249451
0.249784
0.251336
0.254432
0.256243
0.258798
0.262348
0.264358
0.267983
0.272447
0.274688
0.279351
0.283262
0.285563
0.289677
0.294098
0.296684
0.301371
0.305387
0.308981
0.313668
0.320667
0.321846
0.323155
0.324386
0.326247
0.328375
0.33053
0.334033
0.338579
0.33847
0.339488
0.340554
0.342059
0.343082
0.344187
0.345104
0.345472
0.345147
0.344277
0.344046
0.343897
0.343395
0.342996
0.341463
0.342874
0.342482
0.344638
0.346718
0.346546
0.347643
0.347847
0.348639
0.349485
0.352299
0.353192
0.355344
0.357319
0.357965
0.360011
0.361085
0.362397
0.363988
0.365152
0.365411
0.367464
0.369428
0.370501
0.37154
0.37232
0.373029
0.371269
0.372284
0.372563
0.373072
0.373993
0.37473
0.376019
0.378398
0.378981
0.380153
0.382269
0.38312
0.385726
0.388002
0.389131
0.391388
0.393351
0.394319
0.397631
0.401087
0.402678
0.405166
0.407377
0.408172
0.410312
0.410617
0.411993
0.413831
0.415387
0.416903
0.419572
0.422037
0.422526
0.424223
0.42476
0.425513
0.425995
0.42632
0.426057
0.425375
0.425771
0.42552
0.427358
0.427131
0.426598
0.428898
0.430047
0.430242
0.430638
0.432206
0.432041
0.431935
0.430689
0.429866
0.42726
0.426912
0.426622
0.425227
0.425258
0.424694
0.424995
0.425736
0.426712
0.426641
0.427942
0.428409
0.428832
0.430482
0.431234
0.432331
0.433483
0.433613
0.43415
0.434475
0.435341
0.431336
0.431563
0.432308
0.432645
0.432163
0.432386
0.432809
0.43317
0.432821
0.432523
0.4317
0.431461
0.430536
0.430239
0.429694
0.429071
0.428162
0.428087
0.427958
0.427621
0.42835
0.428843
0.42951
0.430815
0.429761
0.436313
0.436469
0.437234
0.437735
0.437833
0.437923
0.438495
0.436438
0.43424
0.43402
0.433973
0.433871
0.433225
0.433154
0.432837
0.433346
0.433675
0.434788
0.434796
0.435161
0.435815
0.436646
0.435568
0.436348
0.436458
0.436054
0.436567
0.437508
0.437304
0.437955
0.438719
0.438774
0.439107
0.439111
0.438958
0.439471
0.439679
0.439698
0.43991
0.440529
0.440709
0.440611
0.441266
0.441963
0.442469
0.442167
0.441615
0.441881
0.440686
0.440733
0.438793
0.438264
0.438252
0.437935
0.438632
0.439013
0.438131
0.438848
0.439573
0.440024
0.440051
0.440404
0.440678
0.441152
0.441199
0.440945
0.441548
0.442943
0.443186
0.443942
0.445091
0.446211
0.446254
0.446799
0.447207
0.459613
0.458998
0.459516
0.458555
0.458454
0.45892
0.458779
0.458187
0.45823
0.458356
0.458309
0.457321
0.457215
0.456526
0.456757
0.456518
0.456467
0.456937
